1.61803398821
1.61803398821
1.61803398822
1.61803398822
1.61803398823
1.61803398823
1.61803398823
1.61803398825
1.61803398825
1.61803398826
1.61803398826
1.61803398826
1.61803398827
1.61803398827
1.61803398828
1.61803398828
1.61803398828
1.61803398829
1.61803398829
1.6180339883
1.6180339883
1.6180339883
1.6180339883
1.61803398832
1.61803398832
1.61803398832
1.61803398832
1.61803398832
1.61803398833
1.61803398833
1.61803398833
1.61803398833
1.61803398833
1.61803398833
1.61803398834
1.61803398834
1.61803398834
1.61803398835
1.61803398835
1.61803398835
1.61803398835
1.61803398836
1.61803398836
1.61803398836
1.61803398837
1.61803398837
1.61803398837
1.61803398837
1.61803398838
1.61803398838
1.61803398838
1.61803398838
1.61803398838
1.61803398839
1.6180339884
1.6180339884
1.6180339884
1.6180339884
1.6180339884
1.61803398841
1.61803398841
1.61803398841
1.61803398841
1.61803398841
1.61803398841
1.61803398842
1.61803398842
1.61803398842
1.61803398843
1.61803398844
1.61803398844
1.61803398844
1.61803398844
1.61803398844
1.61803398844
1.61803398844
1.61803398845
1.61803398845
1.61803398845
1.61803398845
1.61803398845
1.61803398846
1.61803398846
1.61803398846
1.61803398847
1.61803398847
1.61803398847
1.61803398848
1.61803398848
1.61803398848
1.61803398848
1.61803398848
1.61803398848
1.61803398849
1.61803398849
1.61803398849
1.61803398849
1.61803398849
1.61803398849
1.61803398849
1.61803398849
1.61803398849
1.61803398849
1.61803398849
1.61803398849
1.6180339885
1.6180339885
1.6180339885
1.6180339885
1.6180339885
1.6180339885
1.6180339885
1.61803398851
1.61803398851
1.61803398851
1.61803398852
1.61803398852
1.61803398852
1.61803398852
1.61803398853
1.61803398853
1.61803398853
1.61803398853
1.61803398853
1.61803398853
1.61803398853
1.61803398853
1.61803398853
1.61803398853
1.61803398854
1.61803398854
1.61803398854
1.61803398854
1.61803398854
1.61803398854
1.61803398854
1.61803398854
1.61803398854
1.61803398854
1.61803398854
1.61803398855
1.61803398855
1.61803398855
1.61803398855
1.61803398855
1.61803398856
1.61803398856
1.61803398856
1.61803398856
1.61803398856
1.61803398856
1.61803398856
1.61803398856
1.61803398857
1.61803398857
1.61803398857
1.61803398857
1.61803398857
1.61803398857
1.61803398857
1.61803398858
1.61803398858
1.61803398858
1.61803398858
1.61803398858
1.61803398858
1.61803398858
1.61803398858
1.61803398858
1.61803398858
1.61803398859
1.61803398859
1.61803398859
1.61803398859
1.61803398859
1.61803398859
1.6180339886
1.6180339886
1.6180339886
1.6180339886
1.61803398861
1.61803398861
1.61803398861
1.61803398861
1.61803398861
1.61803398861
1.61803398862
1.61803398862
1.61803398862
1.61803398862
1.61803398862
1.61803398862
1.61803398862
1.61803398862
1.61803398862
1.61803398862
1.61803398862
1.61803398863
1.61803398863
1.61803398863
1.61803398863
1.61803398863
1.61803398863
1.61803398863
1.61803398863
1.61803398863
1.61803398863
1.61803398864
1.61803398864
1.61803398864
1.61803398864
1.61803398864
1.61803398864
1.61803398864
1.61803398864
1.61803398864
1.61803398864
1.61803398864
1.61803398864
1.61803398864
1.61803398864
1.61803398864
1.61803398865
1.61803398865
1.61803398865
1.61803398865
1.61803398865
1.61803398865
1.61803398865
1.61803398865
1.61803398865
1.61803398865
1.61803398865
1.61803398865
1.61803398865
1.61803398865
1.61803398865
1.61803398865
1.61803398866
1.61803398866
1.61803398866
1.61803398866
1.61803398866
1.61803398866
1.61803398866
1.61803398866
1.61803398866
1.61803398866
1.61803398866
1.61803398866
1.61803398866
1.61803398866
1.61803398866
1.61803398867
1.61803398867
1.61803398867
1.61803398867
1.61803398867
1.61803398867
1.61803398867
1.61803398867
1.61803398867
1.61803398867
1.61803398867
1.61803398867
1.61803398867
1.61803398867
1.61803398867
1.61803398868
1.61803398868
1.61803398868
1.61803398868
1.61803398868
1.61803398868
1.61803398868
1.61803398868
1.61803398868
1.61803398868
1.61803398868
1.61803398868
1.61803398868
1.61803398868
1.61803398869
1.61803398869
1.61803398869
1.61803398869
1.61803398869
1.61803398869
1.61803398869
1.61803398869
1.61803398869
1.61803398869
1.61803398869
1.61803398869
1.61803398869
1.6180339887
1.6180339887
1.6180339887
1.6180339887
1.6180339887
1.6180339887
1.6180339887
1.6180339887
1.6180339887
1.61803398871
1.61803398871
1.61803398871
1.61803398871
1.61803398871
1.61803398871
1.61803398871
1.61803398871
1.61803398871
1.61803398871
1.61803398871
1.61803398871
1.61803398872
1.61803398872
1.61803398872
1.61803398872
1.61803398872
1.61803398872
1.61803398872
1.61803398872
1.61803398872
1.61803398872
1.61803398873
1.61803398873
1.61803398873
1.61803398873
1.61803398873
1.61803398873
1.61803398873
1.61803398873
1.61803398873
1.61803398873
1.61803398873
1.61803398873
1.61803398873
1.61803398873
1.61803398873
1.61803398873
1.61803398874
1.61803398874
1.61803398874
1.61803398874
1.61803398874
1.61803398874
1.61803398874
1.61803398875
1.61803398875
1.61803398875
1.61803398875
1.61803398875
1.61803398875
1.61803398875
1.61803398875
1.61803398875
1.61803398875
1.61803398876
1.61803398876
1.61803398876
1.61803398876
1.61803398876
1.61803398876
1.61803398876
1.61803398876
1.61803398876
1.61803398876
1.61803398876
1.61803398876
1.61803398877
1.61803398877
1.61803398877
1.61803398877
1.61803398877
1.61803398877
1.61803398877
1.61803398877
1.61803398877
1.61803398878
1.61803398878
1.61803398878
1.61803398878
1.61803398878
1.61803398878
1.61803398878
1.61803398878
1.61803398878
1.61803398878
1.61803398878
1.61803398879
1.61803398879
1.61803398879
1.61803398879
1.61803398879
1.61803398879
1.61803398879
1.6180339888
1.6180339888
1.6180339888
1.6180339888
1.6180339888
1.6180339888
1.6180339888
1.6180339888
1.61803398881
1.61803398881
1.61803398881
1.61803398881
1.61803398881
1.61803398881
1.61803398881
1.61803398882
1.61803398882
1.61803398882
1.61803398882
1.61803398883
1.61803398883
1.61803398883
1.61803398884
1.61803398884
1.61803398884
1.61803398884
1.61803398884
1.61803398884
1.61803398884
1.61803398884
1.61803398884
1.61803398884
1.61803398884
1.61803398884
1.61803398885
1.61803398885
1.61803398885
1.61803398885
1.61803398885
1.61803398885
1.61803398885
1.61803398885
1.61803398886
1.61803398886
1.61803398886
1.61803398886
1.61803398886
1.61803398886
1.61803398887
1.61803398887
1.61803398887
1.61803398887
1.61803398888
1.61803398888
1.61803398888
1.61803398888
1.61803398888
1.61803398888
1.61803398889
1.61803398889
1.61803398889
1.61803398889
1.61803398889
1.6180339889
1.6180339889
1.6180339889
1.6180339889
1.61803398891
1.61803398891
1.61803398891
1.61803398891
1.61803398891
1.61803398891
1.61803398892
1.61803398892
1.61803398892
1.61803398892
1.61803398892
1.61803398893
1.61803398893
1.61803398893
1.61803398893
1.61803398893
1.61803398893
1.61803398893
1.61803398893
1.61803398893
1.61803398893
1.61803398894
1.61803398894
1.61803398894
1.61803398895
1.61803398895
1.61803398895
1.61803398895
1.61803398895
1.61803398895
1.61803398895
1.61803398895
1.61803398896
1.61803398896
1.61803398896
